% Measurement from esc,motor,propeller test
% file created 2021-11-04 13:06:02.008661
% 1: esc value (motor 1) 0=1ms, 1024 = 2ms
% 2: rps (motor 1) a rotations per second)
% 3: rps (motor 1) b rotations per second)
% 4: Motor voltage (volt)
% 5: total current (amps)
% 6: trust force (gram force)
% 7: CCV (rotation direction)
% 8: Temperature motor (deg C)
% 9: Temperature ESC (deg C)
80 6.22 6.20 16.42 0.13 16 0 24.2 23.4
100 8.23 8.27 16.42 0.19 32 0 24.3 23.5
100 8.26 8.23 16.42 0.18 32 0 24.2 24.0
150 12.65 12.55 16.42 0.34 72 0 24.2 24.0
200 15.84 16.03 16.40 0.54 121 0 24.3 24.2
250 19.11 19.10 16.38 0.78 175 0 23.9 24.5
300 21.93 21.91 16.38 1.03 228 0 24.4 24.6
350 24.92 24.74 16.36 1.35 285 0 24.5 24.8
400 27.32 27.75 16.33 1.77 350 0 24.3 24.8
450 30.53 30.07 16.30 2.27 440 0 24.2 24.9
500 33.43 33.34 16.27 2.86 530 0 24.4 25.4
550 36.70 36.02 16.24 3.48 620 0 24.6 25.7
600 39.06 39.33 16.18 4.55 720 0 24.9 25.6
650 41.54 43.40 16.12 5.54 900 0 25.9 26.8
700 44.90 44.22 16.03 6.95 1035 0 25.3 27.8
750 49.59 46.59 15.96 7.99 1135 0 25.4 27.0
800 51.21 50.31 15.88 9.73 1290 0 25.5 27.0
850 52.62 55.44 15.80 11.35 1450 0 26.6 27.3
900 56.18 58.15 15.66 12.71 1600 0 25.8 27.6
950 60.00 59.11 15.63 14.82 1730 0 26.4 27.8
